     1	4009.09
     2	4009.09
     3	2940
     4	4009.09
     5	4009.09
     6	4009.09
     7	4009.09
     8	4009.09
     9	2756.25
    10	2594.12
    11	2321.05
    12	4009.09
    13	3392.31
    14	2756.25
    15	4009.09
    16	4009.09
    17	4009.09
    18	4009.09
    19	4009.09
    20	4009.09
    21	4009.09
    22	4009.09
    23	4009.09
    24	4009.09
    25	4009.09
    26	3675
    27	2594.12
    28	2450
    29	4009.09
    30	4009.09
    31	2756.25
    32	2594.12
    33	2594.12
    34	2594.12
    35	4009.09
    36	4009.09
    37	4009.09
    38	3150
    39	4009.09
    40	4009.09
    41	4009.09
    42	4009.09
    43	4009.09
    44	2756.25
    45	2756.25
    46	2756.25
    47	2940
    48	3675
    49	4009.09
    50	3675
    51	4009.09
    52	3675
    53	3392.31
    54	4009.09
    55	3392.31
    56	4009.09
    57	3675
    58	3675
    59	4009.09
    60	4009.09
    61	2450
    62	2594.12
    63	2756.25
    64	2756.25
    65	4009.09
    66	4009.09
    67	4009.09
    68	4009.09
    69	4009.09
    70	2940
    71	3675
    72	3150
    73	3392.31
    74	2756.25
    75	2940
    76	2756.25
    77	2756.25
    78	3150
    79	3392.31
    80	4009.09
    81	2940
    82	4009.09
    83	4009.09
    84	4009.09
    85	4009.09
    86	4009.09
    87	4009.09
    88	4009.09
    89	3675
    90	4009.09
