4009.09
4009.09
2940
4009.09
4009.09
4009.09
4009.09
4009.09
2756.25
2594.12
2321.05
4009.09
3392.31
2756.25
4009.09
4009.09
4009.09
4009.09
4009.09
4009.09
4009.09
4009.09
4009.09
4009.09
4009.09
3675
2594.12
2450
4009.09
4009.09
2756.25
2594.12
2594.12
2594.12
4009.09
4009.09
4009.09
3150
4009.09
4009.09
4009.09
4009.09
4009.09
2756.25
2756.25
2756.25
2940
3675
4009.09
3675
4009.09
3675
3392.31
4009.09
3392.31
4009.09
3675
3675
4009.09
4009.09
2450
2594.12
2756.25
2756.25
4009.09
4009.09
4009.09
4009.09
4009.09
2940
3675
3150
3392.31
2756.25
2940
2756.25
2756.25
3150
3392.31
4009.09
2940
4009.09
4009.09
4009.09
4009.09
4009.09
4009.09
4009.09
3675
4009.09
